64646435
64646464
64646434
64646464
64646439
64646464
64646439
64646464
6464643a
64646464
6464643d
64646464
6464643e
64646464
6464643d
64646464
6464643c
64646464
64646439
64646464
64646438
64646464
64646436
64646464
64646434
64646464
64646434
64646464
64646435
64646464
64646436
64646464
64646437
64646464
64646439
64646464
64646439
64646464
64646435
64646464
64646432
64646464
64646434
64646464
64646436
64646464
64646437
64646464
6464643a
64646464
6464643b
64646464
6464643a
64646464
64646439
64646464
64646439
64646464
64646436
64646464
64646437
64646464
64646438
64646464
64646438
64646464
64646437
64646464
64646436
64646464
64646437
64646464
64646436
64646464
64646437
64646464
64646437
64646464
6464643a
64646464
64646434
64646464
64646434
64646464
64646435
64646464
64646438
64646464
6464643a
64646464
64646436
64646464
64646432
64646464
6464642e
64646464
6464642d
64646464
6464642a
64646464
6464642e
64646464
64646435
64646464
6464643a
64646464
64646437
64646464
64646437
64646464
64646436
64646464
64646437
64646464
64646439
64646464
64646435
64646464
64646439
64646464
64646433
64646464
64646434
64646464
64646436
64646464
64646438
64646464
6464643a
64646464
64646435
64646464
64646434
64646464
64646433
64646464
6464643a
64646464
64646433
64646464
64646434
64646464
64646437
64646464
6464643a
64646464
64646437
64646464
64646437
64646464
6464643b
64646464
64646439
64646464
6464643b
64646464
64646436
64646464
64646438
64646464
64646433
64646464
64646436
64646464
64646435
64646464
64646433
64646464
64646430
64646464
64646428
64646464
64646420
64646464
64646424
64646464
64646432
64646464
6464642d
64646464
64646432
64646464
64646431
64646464
64646431
64646464
64646430
64646464
6464642e
64646464
64646434
64646464
64646439
64646464
64646439
64646464
64646439
64646464
64646439
64646464
64646434
64646464
64646435
64646464
6464642c
64646464
64646426
64646464
64646427
64646464
64646422
64646464
6464641a
64646464
6464641c
64646464
6464642f
64646464
64646430
64646464
64646432
64646464
64646429
64646464
64646422
64646464
64646421
64646464
64646422
64646464
64646422
64646464
64646432
64646464
64646431
64646464
64646431
64646464
64646439
64646464
64646436
64646464
64646432
64646464
64646425
64646464
64646420
64646464
64646423
64646464
64646424
64646464
64646420
64646464
64646423
64646464
64646437
64646464
64646440
64646464
64646444
64646464
6464643d
64646464
6464642c
64646464
6464642a
64646464
64646427
64646464
64646420
64646464
64646426
64646464
64646429
64646464
6464642b
64646464
64646434
64646464
64646435
64646464
6464642d
64646464
64646420
64646464
64646416
64646464
64646421
64646464
64646426
64646464
6464642e
64646464
64646436
64646464
6464644b
64646464
6464645c
64646464
64646465
64646464
64646461
64646464
6464644f
64646464
64646442
64646464
64646436
64646464
64646429
64646464
64646423
64646464
64646427
64646464
64646433
64646464
64646435
64646464
64646436
64646464
64646431
64646464
64646426
64646464
6464641f
64646464
64646425
64646464
64646429
64646464
64646436
64646464
6464644a
64646464
64646461
64646464
6464646d
64646464
64646471
64646464
6464646d
64646464
6464645b
64646464
6464644a
64646464
64646439
64646464
64646429
64646464
64646423
64646464
64646427
64646464
64646438
64646464
64646437
64646464
64646436
64646464
64646433
64646464
6464642d
64646464
64646426
64646464
64646428
64646464
6464642d
64646464
6464643b
64646464
64646454
64646464
64646468
64646464
6464646c
64646464
6464646d
64646464
64646468
64646464
64646451
64646464
6464643e
64646464
64646435
64646464
6464642b
64646464
6464642d
64646464
6464642d
64646464
64646437
64646464
64646436
64646464
64646435
64646464
64646435
64646464
64646434
64646464
64646435
64646464
64646432
64646464
6464642f
64646464
64646437
64646464
6464644d
64646464
6464645b
64646464
64646459
64646464
6464645a
64646464
64646457
64646464
64646443
64646464
64646435
64646464
6464642d
64646464
6464642f
64646464
64646435
64646464
6464642f
64646464
64646434
64646464
64646435
64646464
64646435
64646464
64646434
64646464
6464643a
64646464
6464643f
64646464
6464643f
64646464
64646437
64646464
64646436
64646464
64646441
64646464
6464644c
64646464
64646447
64646464
64646447
64646464
64646448
64646464
64646442
64646464
6464643a
64646464
64646431
64646464
64646439
64646464
64646439
64646464
6464642f
64646464
6464642f
64646464
64646436
64646464
64646437
64646464
64646436
64646464
64646439
64646464
64646441
64646464
64646440
64646464
6464643b
64646464
64646437
64646464
64646432
64646464
64646442
64646464
64646444
64646464
64646446
64646464
64646447
64646464
64646442
64646464
64646442
64646464
6464643c
64646464
64646438
64646464
64646435
64646464
64646433
64646464
64646439
64646464
6464643c
64646464
64646436
64646464
64646436
64646464
64646436
64646464
64646438
64646464
6464643a
64646464
64646434
64646464
64646431
64646464
64646430
64646464
64646444
64646464
64646449
64646464
64646444
64646464
6464643f
64646464
64646439
64646464
64646440
64646464
64646447
64646464
64646440
64646464
64646438
64646464
64646438
64646464
6464643e
64646464
6464643e
64646464
64646436
64646464
64646437
64646464
64646437
64646464
64646436
64646464
64646432
64646464
6464642d
64646464
64646429
64646464
64646426
64646464
6464643d
64646464
64646441
64646464
64646442
64646464
64646440
64646464
64646433
64646464
64646430
64646464
64646436
64646464
64646437
64646464
64646434
64646464
64646438
64646464
6464643e
64646464
6464643e
64646464
64646435
64646464
64646437
64646464
64646437
64646464
64646438
64646464
64646432
64646464
6464642b
64646464
64646423
64646464
6464641d
64646464
6464642e
64646464
64646437
64646464
6464643a
64646464
6464643d
64646464
6464642a
64646464
6464641f
64646464
64646428
64646464
64646432
64646464
64646431
64646464
64646435
64646464
64646439
64646464
6464643b
64646464
64646435
64646464
64646436
64646464
64646436
64646464
64646436
64646464
64646430
64646464
64646428
64646464
64646422
64646464
6464641f
64646464
64646426
64646464
6464642b
64646464
6464642e
64646464
64646432
64646464
64646421
64646464
64646419
64646464
6464641f
64646464
64646426
64646464
6464642c
64646464
64646432
64646464
64646438
64646464
6464643b
64646464
64646434
64646464
64646434
64646464
64646434
64646464
64646436
64646464
64646433
64646464
64646430
64646464
6464642c
64646464
6464642b
64646464
6464642e
64646464
6464642d
64646464
6464642e
64646464
64646432
64646464
6464642e
64646464
64646431
64646464
64646433
64646464
64646434
64646464
64646434
64646464
64646438
64646464
64646439
64646464
6464643b
64646464
64646438
64646464
64646437
64646464
64646436
64646464
64646437
64646464
64646439
64646464
64646439
64646464
64646437
64646464
64646436
64646464
64646438
64646464
64646439
64646464
64646438
64646464
6464643b
64646464
64646437
64646464
64646437
64646464
64646437
64646464
64646439
64646464
6464643a
64646464
6464643b
64646464
6464643a
64646464
6464643b
64646464
64646432
64646464
64646437
64646464
64646435
64646464
64646435
64646464
64646436
64646464
64646437
64646464
64646436
64646464
64646438
64646464
6464643a
64646464
6464643b
64646464
6464643a
64646464
6464643c
64646464
64646439
64646464
64646439
64646464
64646438
64646464
64646439
64646464
64646439
64646464
6464643b
64646464
6464643c
64646464
64646439
64646464
